# ra dec redshift radius id
#
# Units: 
# ra and dec in degrees, void radius in Mpc/h
216.60 0.81 0.03606 5.81 701
127.46 16.19 0.04614 5.17 19380
121.17 16.66 0.04583 5.05 17841
198.99 60.92 0.02935 5.57 7803
148.11 52.94 0.04535 5.66 10930
125.79 23.15 0.01533 5.12 12973
244.26 24.02 0.04567 7.32 15474
206.06 11.32 0.04014 6.26 13441
203.41 39.23 0.04594 7.50 14232
124.51 44.60 0.03713 5.98 1887
188.20 3.81 0.04274 5.84 3119
131.67 27.50 0.02437 9.67 17578
127.37 38.65 0.04030 5.38 10240
188.91 54.34 0.02182 6.70 11653
117.95 41.23 0.04258 5.96 1855
193.25 21.34 0.02721 15.92 19966
179.65 46.89 0.02212 9.87 13035
139.56 19.79 0.03642 6.35 19681
198.63 59.81 0.04230 6.65 7222
177.55 25.51 0.02548 8.61 19667
141.95 54.23 0.04292 5.06 5295
233.98 16.40 0.02694 6.94 20079
146.83 37.75 0.04248 5.75 12656
128.07 33.01 0.04657 5.09 17736
127.99 54.81 0.04627 6.48 16067
197.30 31.09 0.04112 14.18 18400
127.08 17.95 0.04262 5.95 19383
248.86 38.27 0.02827 5.66 18466
183.50 29.37 0.03209 10.11 18343
120.11 45.05 0.04162 6.64 2548
142.89 32.00 0.03277 6.23 12983
137.13 52.91 0.04613 6.64 5705
121.27 43.55 0.03180 5.15 5283
204.80 43.63 0.03864 9.04 13473
249.56 37.93 0.03552 5.78 12322
242.06 13.67 0.04262 5.65 18971
142.69 32.88 0.04071 6.82 13117
166.73 42.80 0.04539 8.34 13488
218.05 25.51 0.03302 6.32 19913
160.84 42.71 0.04268 9.31 13469
159.47 46.88 0.02326 5.01 11908
122.08 44.12 0.04524 5.30 1878
170.68 30.58 0.03107 8.98 18098
168.38 53.05 0.02407 6.81 10367
201.40 59.02 0.03883 5.12 13265
234.60 8.04 0.03479 5.22 13668
165.90 31.01 0.04473 5.98 18485
123.53 18.03 0.03787 5.85 19205
201.80 3.47 0.00570 5.99 986
188.31 37.37 0.04307 12.97 17822
220.34 52.88 0.04328 6.70 12142
234.80 44.42 0.03970 5.00 12212
224.06 21.42 0.04139 5.57 18986
166.50 7.75 0.03681 6.59 11795
246.52 28.20 0.04300 8.21 15264
123.84 15.62 0.04360 5.16 19482
250.11 24.66 0.04357 6.13 13394
163.30 13.09 0.03105 6.64 12873
151.64 30.70 0.03572 9.73 18137
249.46 38.11 0.03255 5.41 12267
162.81 42.14 0.02726 6.66 13972
252.94 25.24 0.04550 5.50 15208
184.15 45.29 0.04630 5.46 13511
177.67 32.90 0.03708 13.71 18177
124.52 20.61 0.04424 5.09 17570
174.98 32.91 0.00592 8.47 19807
166.09 35.21 0.04433 6.27 17569
202.17 50.75 0.03596 9.16 11333
163.42 7.84 0.03388 5.89 20762
162.65 11.51 0.03347 5.68 20763
226.31 -0.85 0.07125 5.83 28038
203.41 0.68 0.06001 5.86 8236
226.38 35.37 0.07108 8.90 43071
158.46 62.06 0.08190 8.12 5716
173.03 13.86 0.05831 20.06 42225
125.58 44.18 0.05721 7.90 17606
127.79 44.74 0.05315 6.80 19031
228.80 49.84 0.05937 5.74 38418
158.34 22.55 0.07262 25.15 61094
190.85 28.51 0.07488 24.95 60395
196.53 1.41 0.06809 5.35 10541
136.90 3.51 0.07023 6.78 20252
134.63 3.53 0.07395 9.72 19695
221.92 17.58 0.07730 24.61 61103
229.23 48.71 0.06651 14.09 41024
123.88 14.20 0.09350 12.69 60329
185.44 63.56 0.07586 9.49 37739
117.09 39.54 0.07385 8.33 7167
224.91 51.34 0.08966 13.58 41143
185.22 7.83 0.06378 12.85 23618
132.93 3.54 0.09638 5.78 20246
207.19 1.97 0.06719 5.66 9214
176.10 -1.17 0.09392 5.19 5313
141.34 54.44 0.06814 11.32 6565
213.62 -0.01 0.08527 6.58 1705
173.48 -1.36 0.07503 5.02 5197
222.63 0.27 0.08032 8.22 2085
172.81 5.92 0.09244 5.09 20553
137.72 25.05 0.07233 6.54 59838
230.26 13.51 0.08909 20.70 60772
197.69 46.34 0.05896 7.42 40733
129.28 52.47 0.05688 6.03 7456
248.00 25.72 0.06993 12.29 46406
207.30 42.48 0.05438 8.45 41821
243.37 21.25 0.09651 6.36 48674
219.08 12.88 0.05072 7.11 47078
132.32 6.73 0.05060 6.46 37686
232.29 46.44 0.07337 7.66 40874
148.63 4.54 0.09049 5.20 19777
218.74 1.79 0.09631 6.28 9593
118.14 39.38 0.09595 6.93 6874
230.37 33.17 0.07606 8.56 46608
167.72 7.73 0.08437 7.56 37432
176.05 6.39 0.07565 8.14 42729
164.80 7.09 0.08373 5.79 36818
184.18 9.00 0.05356 14.74 37268
168.02 7.82 0.07202 7.13 37505
200.65 0.97 0.07633 8.23 9206
245.50 13.90 0.09016 6.12 58014
145.91 61.85 0.07410 6.21 8500
132.55 44.41 0.08966 7.18 35100
162.97 44.37 0.06839 20.30 42034
120.88 30.63 0.05589 8.02 33291
173.40 22.27 0.05625 16.61 60551
169.96 21.79 0.07459 18.56 60796
119.41 34.07 0.07986 5.88 33462
219.26 11.83 0.08174 10.07 47212
191.72 23.19 0.06747 20.02 61179
174.60 27.51 0.08022 19.18 61227
228.51 47.72 0.07595 6.36 38194
222.48 7.05 0.07170 5.79 44588
150.24 61.95 0.09356 5.71 7367
122.09 48.86 0.07406 10.24 50359
226.83 0.61 0.09283 7.51 25607
230.97 13.98 0.07723 16.21 60791
139.02 6.72 0.08454 9.85 39152
163.09 7.07 0.06707 8.99 37426
225.68 1.61 0.07878 6.42 25630
134.33 19.72 0.07994 8.57 59928
241.58 39.31 0.05969 10.28 38332
177.95 27.45 0.06468 25.29 60278
179.78 27.39 0.07675 15.68 60312
206.03 14.48 0.09192 11.72 54609
188.10 41.40 0.09359 7.56 54746
205.05 45.03 0.07555 9.01 41337
158.26 42.21 0.05796 13.05 41998
219.59 49.30 0.06907 6.49 38018
199.87 49.61 0.06455 15.23 45378
239.06 38.77 0.07940 5.55 45733
198.67 0.81 0.07212 5.12 1121
226.61 9.47 0.06641 13.21 44198
191.81 29.67 0.08805 14.56 60026
119.00 32.33 0.07598 7.00 33415
141.61 7.76 0.09661 7.72 37635
136.90 3.77 0.05749 5.42 20253
243.64 13.83 0.07428 8.02 58725
187.51 65.11 0.09535 10.15 37740
202.83 49.21 0.05477 16.33 45688
224.95 35.89 0.06088 6.05 43103
131.55 16.78 0.07635 7.33 60418
163.56 6.78 0.09139 12.27 36616
178.97 17.14 0.06348 16.06 40245
164.65 30.35 0.07514 11.03 60183
125.46 21.88 0.09422 5.91 55280
210.96 40.85 0.08741 10.81 43059
226.69 1.50 0.09543 5.12 9606
216.54 41.49 0.08192 6.30 42118
161.48 35.85 0.07696 20.96 54681
197.62 1.69 0.09439 5.02 9260
154.90 42.86 0.08877 13.38 39344
181.48 2.31 0.07628 6.42 9378
225.79 15.56 0.07137 9.96 61407
175.54 18.37 0.07687 17.30 61502
186.12 41.73 0.06946 12.26 42536
216.94 49.89 0.06683 5.26 45870
131.53 16.31 0.06060 5.14 60219
224.94 10.88 0.07385 10.94 42320
169.10 21.68 0.06533 15.21 61222
218.51 36.61 0.08098 6.48 46120
243.87 23.00 0.06754 6.47 43560
224.94 23.81 0.06610 8.26 58190
214.41 24.75 0.08699 18.72 58544
239.53 31.28 0.05157 9.21 47405
245.95 33.26 0.05619 14.36 38037
213.00 39.27 0.06579 6.35 46253
154.84 15.11 0.08800 21.41 63322
194.41 13.36 0.08099 13.06 41692
130.46 17.64 0.08626 6.33 59865
171.74 36.77 0.06767 22.32 54680
125.18 27.06 0.09024 15.51 39591
199.38 15.63 0.08060 10.35 62246
216.57 54.82 0.07780 10.03 38219
131.91 27.61 0.08186 9.46 40288
161.33 18.68 0.06207 16.82 60836
240.62 31.23 0.09196 11.26 41487
185.95 38.80 0.08777 18.01 54889
241.71 12.20 0.07326 7.50 61455
191.52 15.44 0.07761 11.70 47050
164.79 40.62 0.08436 17.49 40416
225.61 0.51 0.08758 7.51 25697
220.23 23.91 0.08370 11.62 58189
200.58 9.65 0.06922 5.98 44604
241.92 45.66 0.06062 9.82 25238
153.61 42.41 0.06366 9.86 39366
174.06 20.85 0.08557 12.98 60900
161.12 14.24 0.09500 10.87 63412
168.57 26.75 0.07337 14.21 60279
138.75 18.65 0.05334 5.77 60223
224.68 20.76 0.09688 5.50 58020
143.49 58.31 0.07379 7.77 5914
151.42 52.70 0.09677 6.38 34788
167.29 7.39 0.05006 8.99 37480
229.26 22.30 0.09046 10.77 57864
197.46 21.43 0.07685 20.08 61216
202.34 37.64 0.05092 9.40 55125
157.05 36.10 0.08249 17.09 55424
150.62 23.14 0.07846 12.62 60267
230.60 17.26 0.09310 10.53 60812
243.31 12.31 0.09341 10.18 61675
214.70 24.77 0.06648 9.62 58571
218.43 22.09 0.07224 11.92 61230
253.03 22.40 0.08655 6.89 41602
123.43 15.64 0.08466 15.24 59436
118.06 45.46 0.07617 6.63 7788
245.88 21.48 0.09428 7.63 47928
210.83 20.89 0.06709 5.32 61100
203.08 40.65 0.05046 8.23 46299
124.00 27.49 0.08383 13.92 39686
221.00 9.85 0.09089 5.37 44373
166.48 14.07 0.08726 8.66 40214
173.58 8.13 0.08192 7.78 37438
207.24 -0.37 0.09000 5.37 270
244.90 31.40 0.05039 7.27 45737
231.12 8.32 0.09380 6.63 44827
176.59 55.64 0.09450 9.11 34033
194.11 27.74 0.08323 7.82 60283
195.62 17.69 0.08385 11.31 62250
192.09 1.14 0.09467 5.51 2750
124.53 16.49 0.06443 10.28 60052
135.48 18.44 0.05698 9.38 60258
129.72 57.36 0.09602 7.19 50441
180.31 36.70 0.07422 18.04 43254
215.28 52.20 0.08130 6.96 38169
137.05 6.66 0.06087 7.12 37558
211.94 10.82 0.05848 6.00 42310
220.05 24.77 0.09240 7.23 57898
174.60 7.52 0.07036 8.00 37481
144.68 33.50 0.08652 9.84 40843
201.43 -0.43 0.07969 7.79 8213
143.83 53.85 0.07452 5.93 18809
198.41 10.39 0.06419 8.43 44562
234.09 50.45 0.07300 7.78 25320
139.54 57.04 0.08512 10.17 5824
195.83 1.21 0.06369 5.15 9256
177.18 23.08 0.07189 13.92 61218
247.11 39.86 0.05846 9.91 38644
144.18 21.63 0.07059 7.02 60261
118.99 46.71 0.06192 5.74 8200
217.75 0.14 0.08383 5.67 429
149.89 19.20 0.07301 13.36 60804
239.26 13.01 0.09388 8.50 60905
220.11 16.88 0.09196 11.60 61564
180.02 27.16 0.05298 10.29 60313
130.71 7.63 0.07425 5.63 39874
158.71 13.94 0.08469 11.17 40213
173.67 39.76 0.07365 8.23 43795
197.63 19.71 0.08637 7.58 61566
164.52 17.27 0.05342 5.69 54493
200.57 45.41 0.08525 11.93 41278
135.58 6.21 0.07172 11.55 37557
228.83 9.15 0.05545 7.00 43231
238.28 5.59 0.09731 5.70 28729
151.10 43.91 0.08603 7.49 39430
140.27 58.74 0.09800 6.42 5948
116.10 31.10 0.09711 5.21 33497
184.83 10.14 0.08865 15.72 37682
207.15 0.13 0.07190 6.19 8218
169.96 59.50 0.08647 6.21 23281
138.10 4.57 0.09214 6.78 20254
232.17 46.73 0.06974 7.68 38349
125.25 27.72 0.07838 10.27 39679
216.51 23.26 0.07678 8.67 61229
179.72 14.79 0.08639 20.11 62334
236.21 43.19 0.06003 5.75 40928
125.28 31.60 0.08469 11.01 34166
207.05 44.68 0.08775 10.60 41863
167.47 26.80 0.06801 5.83 60282
170.69 41.19 0.06311 7.41 42537
236.96 42.46 0.07191 6.67 38355
167.44 56.24 0.07303 7.95 34127
121.34 21.50 0.06564 10.97 40381
247.60 42.92 0.05974 5.30 26185
159.47 12.57 0.09663 6.49 40143
157.81 39.40 0.08953 11.36 40420
233.27 19.74 0.09230 10.62 58082
236.46 12.36 0.08925 12.15 62163
192.28 34.44 0.08005 15.19 57343
182.42 33.30 0.06670 17.17 60013
248.34 23.21 0.08894 9.38 47419
185.92 34.00 0.05510 15.72 54888
223.11 48.88 0.08834 9.32 38189
213.81 26.74 0.07498 7.97 58187
199.01 42.56 0.06390 9.35 41924
178.48 48.90 0.09125 12.42 40593
240.79 26.43 0.09164 5.75 46094
184.99 49.83 0.08655 11.58 41379
168.01 32.37 0.08068 7.05 56400
202.56 48.33 0.08247 12.66 40463
191.42 1.71 0.07940 8.43 9250
211.33 9.85 0.08201 7.73 43131
197.28 35.04 0.06998 9.85 55476
171.30 52.66 0.07294 11.57 34528
120.79 18.43 0.06452 6.12 54960
239.66 28.33 0.06738 5.81 46270
163.55 42.50 0.09072 13.80 41963
225.67 24.79 0.09227 5.57 57071
188.25 21.67 0.08369 21.74 61241
151.58 34.74 0.09502 8.08 54741
228.02 36.13 0.07776 7.70 41783
201.74 15.36 0.07388 7.62 54608
185.07 2.44 0.07835 5.34 10275
181.64 17.61 0.05576 14.59 54619
190.15 12.19 0.07037 5.44 41678
161.21 16.95 0.09309 10.58 62236
185.22 54.52 0.08314 8.79 37901
183.45 55.34 0.06510 5.92 37899
154.28 12.55 0.08116 7.33 54439
184.83 19.76 0.07881 18.65 61550
198.70 12.81 0.08625 6.87 41689
215.09 0.45 0.10053 9.46 1018
238.96 16.56 0.14326 11.93 61210
185.72 64.57 0.10617 9.88 21649
175.03 -1.21 0.11781 8.74 1739
222.25 25.48 0.12826 22.87 61186
211.59 30.27 0.14666 9.76 60512
191.66 61.19 0.12836 24.77 38787
158.79 61.31 0.11706 11.28 20168
205.03 -0.55 0.10245 8.90 782
177.59 -1.54 0.13376 9.77 4638
167.98 27.51 0.11323 30.39 63529
238.19 5.90 0.13493 8.21 47572
241.13 14.26 0.10989 14.93 65569
206.22 0.80 0.14518 9.45 2796
149.42 30.37 0.12446 30.22 58654
144.40 63.81 0.12176 8.13 53323
127.58 36.77 0.13547 8.50 33747
166.57 8.23 0.12108 18.97 38899
209.71 0.16 0.10465 9.05 8708
237.81 20.18 0.13888 9.76 60698
176.17 -1.69 0.10809 8.11 4634
198.25 46.84 0.11981 13.60 42762
137.64 19.84 0.11181 15.28 63142
155.50 29.11 0.11067 33.01 58413
249.33 41.56 0.13653 10.06 27687
207.73 20.35 0.10882 21.04 64057
220.47 17.87 0.12851 38.34 64413
208.91 27.20 0.12771 23.46 61206
240.57 36.58 0.10558 12.32 48876
186.78 5.95 0.12813 16.57 22960
165.33 58.96 0.13455 16.33 24623
169.55 46.97 0.13062 27.67 44180
226.43 17.02 0.11365 11.47 63982
236.63 13.73 0.11337 13.27 65535
172.34 22.38 0.12118 35.55 63969
215.50 16.58 0.14256 13.90 64505
178.68 19.26 0.10687 26.68 64477
169.02 29.68 0.12950 33.82 63255
133.39 7.86 0.11930 14.43 41930
157.07 45.95 0.10938 16.30 42710
184.09 3.08 0.13847 14.76 10461
166.45 37.50 0.12850 35.74 57589
197.15 60.10 0.10965 10.80 24637
207.10 26.44 0.10133 25.65 61054
217.40 1.40 0.11081 8.13 11092
179.92 21.70 0.12470 33.41 63951
175.28 40.90 0.11875 24.31 57648
224.95 7.29 0.14141 11.51 48283
163.29 36.87 0.11069 27.58 46302
153.46 40.32 0.11308 19.02 44553
156.60 62.15 0.14507 8.87 5816
222.55 17.34 0.11386 16.68 63959
248.25 43.20 0.13638 9.64 25638
250.45 32.95 0.12534 11.31 43156
199.31 57.66 0.14025 15.68 43282
129.12 26.11 0.10427 16.97 57263
160.15 6.18 0.13662 10.10 38895
153.95 15.08 0.13480 24.33 67267
198.59 0.79 0.10164 15.44 11089
252.44 22.58 0.12129 8.11 43896
183.26 1.91 0.12956 14.02 11286
238.51 34.66 0.12764 12.50 49687
213.19 52.80 0.12604 19.80 39721
226.78 11.95 0.11795 21.68 50259
195.74 14.11 0.11362 28.93 44922
165.15 7.42 0.10194 9.79 38969
201.98 24.97 0.12112 37.43 63386
156.87 50.89 0.12703 28.30 35822
215.59 0.06 0.12990 12.26 555
165.67 46.31 0.10029 31.34 41444
122.55 14.57 0.11333 12.74 62962
214.96 26.51 0.13353 20.70 60448
132.01 28.77 0.13895 13.80 42446
138.24 4.27 0.12698 12.11 20728
217.05 39.14 0.13293 15.89 44269
242.11 13.98 0.10541 9.19 65573
223.74 24.70 0.10997 13.48 60974
189.67 21.02 0.12547 28.02 64128
148.91 28.11 0.14020 21.81 62773
211.60 28.82 0.14352 12.02 61031
153.08 12.38 0.12059 28.67 66529
211.04 0.48 0.13439 20.85 1011
137.87 27.74 0.13942 15.46 58331
210.65 11.18 0.13392 12.09 44735
193.82 21.33 0.11988 23.21 64324
147.06 28.99 0.10300 13.19 58652
201.71 13.88 0.12274 33.32 44789
222.02 9.79 0.12463 16.34 45973
236.96 45.03 0.11346 20.51 40248
225.14 35.13 0.12663 10.29 49029
199.86 60.75 0.10389 9.98 26574
181.12 27.65 0.12289 30.23 63385
224.53 15.42 0.13735 22.90 65218
128.39 25.64 0.12634 13.07 57650
216.36 38.20 0.12107 14.48 45853
149.21 13.92 0.13921 19.08 66899
204.69 46.75 0.12743 20.13 42862
151.06 52.23 0.14084 15.36 36635
121.53 17.64 0.12782 15.87 58606
145.74 33.41 0.10924 22.31 42479
209.79 0.98 0.12793 9.26 3080
183.17 29.10 0.13163 9.08 63158
125.32 43.31 0.14286 11.67 20000
204.23 29.46 0.12989 22.47 60451
167.39 7.04 0.10771 13.81 38901
189.15 14.19 0.10856 30.19 44112
202.73 32.78 0.13168 14.90 59432
216.50 16.35 0.10205 11.72 64508
240.32 48.20 0.11836 15.67 27034
178.55 40.03 0.13209 18.40 46303
139.04 2.31 0.14132 8.59 20839
123.75 14.07 0.12626 12.25 63011
212.70 28.80 0.13683 13.02 60173
203.99 53.67 0.13790 14.31 39525
183.73 10.11 0.13768 21.09 44058
223.25 24.17 0.12099 11.12 60901
156.14 32.79 0.10206 26.92 58232
230.05 15.19 0.13172 24.94 64993
234.87 32.54 0.12516 11.39 50316
153.62 12.16 0.11045 27.27 42190
159.58 6.72 0.14253 10.87 38392
214.50 20.94 0.11789 21.52 61877
131.69 6.30 0.14521 9.59 41829
153.64 46.89 0.11709 15.93 37390
183.89 4.00 0.13418 12.83 12249
237.42 14.38 0.13356 14.72 64238
208.63 20.63 0.11716 15.59 63972
165.42 50.54 0.10958 17.24 37291
221.28 49.02 0.14208 9.68 39726
246.74 30.06 0.14138 14.82 49705
199.03 -0.62 0.11894 9.32 6211
231.16 33.18 0.11421 15.29 49562
134.39 56.20 0.10908 13.07 6183
252.55 22.31 0.12983 10.83 43895
216.56 24.68 0.12607 17.64 61241
193.42 28.95 0.12844 40.33 60449
242.28 29.73 0.13108 18.59 49312
180.65 26.79 0.10608 13.61 63461
151.10 45.48 0.14260 12.30 38065
200.51 27.19 0.13849 10.99 63530
135.40 29.63 0.12526 20.99 43034
151.07 39.48 0.10114 28.83 41001
243.35 33.68 0.11973 11.05 49836
210.86 23.48 0.13015 20.65 64466
226.51 35.46 0.13177 14.66 44356
200.46 49.80 0.10460 26.21 42492
185.79 9.55 0.12789 13.17 44059
134.43 20.10 0.11074 11.77 63267
238.05 31.58 0.12289 13.19 50608
210.52 11.33 0.13893 8.54 44708
165.52 18.87 0.12400 28.47 64773
207.16 47.43 0.11797 14.01 43686
141.84 59.20 0.12840 17.80 7331
143.55 61.30 0.14249 11.48 53313
223.02 13.87 0.12577 19.85 64848
177.00 43.04 0.12761 12.68 45782
242.15 13.26 0.13091 17.32 65539
137.73 10.14 0.13190 10.38 57459
215.92 10.98 0.13281 15.23 45909
174.12 37.25 0.13136 10.96 57592
174.53 8.23 0.11982 12.37 45460
235.18 7.06 0.12896 13.86 47444
242.27 42.93 0.10458 17.85 40250
119.26 33.15 0.11889 11.37 34972
154.76 15.78 0.14622 9.06 66931
251.22 33.10 0.10889 8.64 40236
189.27 9.66 0.12160 14.50 46934
122.46 23.07 0.10722 14.17 41760
157.26 6.25 0.14398 11.61 38258
177.36 36.43 0.13198 19.34 57588
212.02 10.45 0.10435 9.68 44737
221.31 20.75 0.10357 12.17 61976
145.82 3.39 0.12467 10.78 20530
123.30 49.83 0.10182 10.53 7995
237.14 50.32 0.11629 8.08 25906
202.45 24.88 0.13679 18.09 61209
161.76 6.58 0.10553 10.10 38327
195.02 49.49 0.11817 8.83 42514
194.11 34.68 0.13511 28.03 58442
159.46 39.89 0.12762 16.02 43060
183.85 46.09 0.10730 16.79 42662
198.42 16.92 0.12083 19.66 65595
179.54 33.03 0.13466 8.56 60299
199.54 38.44 0.11287 12.01 57522
185.27 10.44 0.12143 14.53 39311
225.64 24.90 0.10570 10.01 60171
179.46 10.55 0.11908 16.63 39262
152.74 26.02 0.13766 16.48 63059
150.95 21.53 0.10630 18.38 63514
230.27 21.46 0.10380 12.65 61190
157.63 10.38 0.11883 10.22 44669
181.69 42.54 0.11822 13.20 45134
172.58 35.58 0.11837 26.11 58463
203.65 0.37 0.14209 10.46 780
242.55 35.00 0.13387 22.57 50138
210.22 28.25 0.11717 12.90 61030
238.27 43.29 0.13024 15.98 39958
187.51 19.56 0.13940 26.30 65604
186.72 31.49 0.13922 10.95 60267
162.22 43.55 0.13182 19.75 42661
249.46 27.20 0.10913 8.12 44018
139.13 13.91 0.13088 10.50 66366
243.56 21.54 0.14066 8.03 52098
174.50 44.90 0.11021 17.84 44245
173.65 18.69 0.13589 17.82 64777
149.91 52.68 0.13303 19.46 36724
184.10 11.85 0.11103 20.14 39309
231.40 10.97 0.11955 14.12 65311
224.43 19.01 0.10931 14.60 64012
128.06 15.56 0.14122 8.66 63353
152.63 33.45 0.11562 15.44 57631
212.96 24.32 0.12288 16.57 61773
182.80 58.20 0.12089 10.27 24158
125.81 52.04 0.11940 10.82 8174
149.09 38.70 0.12331 23.85 41740
225.45 22.81 0.12784 13.88 61408
174.05 22.76 0.10368 19.10 64459
129.66 31.02 0.10152 13.75 37571
173.66 30.47 0.11276 21.53 60445
162.59 47.17 0.13670 15.25 37628
181.89 7.99 0.11898 10.84 45531
184.33 34.31 0.12958 24.65 59563
212.82 40.73 0.13739 15.58 44418
245.28 22.86 0.12761 10.17 50904
154.09 36.88 0.12388 23.20 57653
211.14 20.63 0.13999 9.60 64722
127.54 42.76 0.13938 8.31 21956
183.30 26.67 0.10954 12.66 63462
140.29 3.69 0.13602 15.32 21499
189.33 33.44 0.11336 38.95 60268
183.57 41.23 0.12697 20.87 46827
163.95 13.21 0.11567 8.94 57345
226.42 34.90 0.13901 12.12 49239
186.97 29.82 0.13314 13.72 63256
165.57 21.85 0.11169 18.32 64322
154.49 28.33 0.12847 19.68 62691
235.53 32.16 0.11245 11.13 50319
183.06 5.00 0.13127 12.28 24829
167.28 34.66 0.13995 14.38 60095
208.17 12.66 0.13239 13.64 57475
127.49 45.48 0.14448 10.53 18417
119.94 25.60 0.13384 9.56 37409
217.81 15.34 0.12047 18.23 65146
120.57 20.13 0.13395 14.03 42382
184.86 6.74 0.13261 9.58 25371
243.65 25.83 0.12694 8.40 49138
210.58 56.09 0.13978 10.30 40270
201.51 19.82 0.11864 16.86 63952
213.28 56.62 0.11946 12.11 40342
226.62 20.07 0.10283 12.30 61782
180.82 8.39 0.12824 24.43 41268
218.87 0.32 0.18836 21.70 673
226.18 35.51 0.15101 16.91 25389
194.21 -0.26 0.17164 18.19 961
214.62 39.66 0.15133 24.65 22534
253.80 22.50 0.19056 18.35 22450
200.29 0.93 0.15091 15.52 518
183.12 34.36 0.15770 41.97 31157
151.74 8.47 0.15631 29.54 19662
193.83 24.27 0.15823 63.72 33019
115.68 39.59 0.19675 18.13 3153
182.37 45.36 0.15082 24.09 22644
172.35 30.46 0.15160 55.87 32744
164.15 55.52 0.15498 25.32 17042
157.72 7.90 0.15467 29.54 20840
175.86 14.14 0.16214 38.72 21335
120.28 47.61 0.15228 17.87 27621
241.44 13.97 0.15034 21.34 33687
239.18 13.18 0.17321 32.40 33328
191.88 15.72 0.17900 45.28 29640
227.27 34.88 0.16037 14.75 25359
245.58 22.51 0.19397 20.56 26592
154.91 14.42 0.16683 44.09 29530
203.46 36.77 0.18524 20.44 29975
117.26 32.14 0.19061 14.75 17454
161.51 28.17 0.16337 39.23 32652
126.83 15.87 0.16377 31.66 32972
180.45 22.58 0.15236 42.06 33395
123.07 25.14 0.16591 24.56 21117
210.80 1.46 0.18047 13.06 5927
188.44 38.49 0.17675 32.30 29795
221.78 36.18 0.19196 13.53 23453
160.15 33.50 0.15025 36.60 30696
229.50 23.33 0.17876 25.18 31823
201.59 11.28 0.15500 26.04 22905
206.80 46.13 0.18485 21.88 22268
172.26 38.26 0.18713 21.38 29797
192.14 63.56 0.17114 25.24 11356
138.50 25.49 0.18553 15.82 30232
190.39 31.28 0.17097 40.87 31148
175.51 18.92 0.17266 31.62 34230
232.29 6.20 0.18915 13.29 24741
151.83 50.05 0.15233 21.57 18303
178.98 45.16 0.15971 29.07 22740
147.12 13.67 0.15467 28.04 34782
230.54 9.49 0.17103 32.21 26009
125.98 52.41 0.18113 18.48 27546
187.85 61.53 0.15780 27.82 12393
157.45 11.18 0.18879 19.59 20852
136.70 27.75 0.19000 22.02 30113
220.94 36.23 0.18096 17.18 23517
184.20 20.14 0.16815 46.40 33294
156.98 6.80 0.17609 14.81 19198
218.77 12.79 0.15315 26.90 25983
240.15 29.39 0.15470 17.68 25396
160.49 7.98 0.16677 14.79 19578
159.05 49.71 0.18190 29.88 19060
214.15 0.54 0.17647 14.04 1117
124.18 29.28 0.17736 20.53 20941
228.46 11.00 0.15473 39.82 26065
129.23 16.84 0.15199 16.05 32781
221.14 10.78 0.16370 15.60 23628
226.86 20.33 0.17235 37.84 33536
183.70 42.52 0.17944 34.55 22540
121.95 16.12 0.18410 18.23 30843
120.40 22.42 0.17578 18.32 21133
193.70 9.57 0.17401 25.83 24134
196.72 42.90 0.15947 23.40 22770
167.67 21.39 0.17680 35.86 33284
164.18 59.22 0.16464 21.03 9209
128.64 35.06 0.16957 21.12 18995
181.84 56.00 0.15735 19.71 17325
132.19 22.36 0.19351 13.40 32453
149.31 18.07 0.17679 31.65 33283
117.56 40.24 0.15523 14.37 3077
196.28 62.29 0.15353 14.97 10872
167.00 19.31 0.15977 42.99 33521
220.37 52.23 0.16500 27.93 20305
165.47 49.57 0.15670 56.09 21695
154.89 43.70 0.15671 16.99 21688
199.61 43.97 0.17354 29.09 22812
229.99 18.25 0.16035 22.27 32090
219.73 13.64 0.18075 32.65 25984
178.07 25.29 0.16665 24.66 33520
159.65 20.58 0.15025 41.12 33322
223.09 8.25 0.16852 19.22 24394
197.01 9.22 0.15898 18.80 24076
222.79 13.47 0.17118 31.46 33895
194.85 14.60 0.19465 19.33 25935
161.63 14.62 0.17141 27.17 34162
195.73 60.43 0.18565 28.32 12395
152.61 37.78 0.15854 23.03 21889
208.37 0.36 0.16787 13.80 424
148.51 16.67 0.15124 25.20 34582
183.16 28.50 0.15431 34.32 32654
189.43 64.12 0.18143 16.52 10898
168.96 36.01 0.17326 42.59 29677
205.43 54.22 0.17645 45.15 22067
163.17 55.52 0.17191 29.86 18268
197.70 10.55 0.17214 30.97 24491
122.72 49.58 0.18322 17.40 27994
240.12 40.22 0.18678 16.57 20111
148.99 12.01 0.17577 41.60 21043
138.59 3.60 0.18820 22.32 10664
198.80 0.42 0.18610 24.26 4447
120.21 15.11 0.19004 15.09 29803
248.70 25.25 0.18128 33.69 22403
149.00 41.08 0.15645 25.95 20940
144.52 11.35 0.18646 18.11 21361
155.36 50.80 0.17525 26.89 19900
133.09 18.44 0.15762 16.49 32750
231.59 9.24 0.15090 20.22 22939
237.63 11.87 0.15645 14.98 33919
222.74 25.72 0.16094 13.40 31569
151.45 22.53 0.17527 26.91 33162
203.56 44.96 0.17885 25.99 21734
151.38 17.13 0.16663 20.62 34529
180.45 38.76 0.17341 34.76 23649
224.36 25.06 0.17292 21.56 31069
216.21 23.94 0.16991 28.33 32088
192.55 39.33 0.18352 18.78 23650
166.11 41.19 0.16740 54.78 23146
196.02 14.72 0.15885 33.83 25938
214.38 -0.02 0.18673 14.87 1416
141.68 18.07 0.18035 22.50 33287
228.31 14.31 0.16877 30.02 33551
234.25 10.21 0.17938 28.19 26128
213.38 39.54 0.16269 18.51 25298
172.93 24.37 0.17075 35.48 33515
177.04 31.29 0.17295 34.47 31152
171.87 30.86 0.17585 16.52 31359
139.47 53.09 0.18197 18.28 9157
179.76 15.12 0.17559 22.94 21445
167.87 29.64 0.17923 37.93 32680
218.14 0.43 0.35035 33.63 613
134.02 19.47 0.24912 29.56 30590
167.92 7.78 0.34100 55.50 21120
206.17 0.42 0.32438 31.19 497
142.76 5.46 0.17128 24.15 16862
217.70 0.76 0.29625 28.71 1331
237.83 46.73 0.19734 29.23 18150
144.52 61.20 0.28443 27.91 4163
247.46 27.11 0.17654 32.17 20070
127.04 38.03 0.35112 27.19 14942
234.48 18.90 0.33547 48.98 29645
158.41 37.29 0.16514 32.44 21883
142.98 60.07 0.34121 36.08 4099
138.49 55.87 0.21113 44.27 3317
251.54 23.62 0.26895 29.10 20155
150.21 15.82 0.16426 31.31 31556
121.66 31.90 0.32835 49.93 15158
214.89 40.03 0.24588 34.36 23274
157.50 8.03 0.28219 44.98 17403
149.68 35.79 0.23867 62.40 19631
220.61 51.32 0.23487 31.95 19731
159.87 24.25 0.21805 79.67 30855
204.87 51.77 0.30839 60.93 17810
245.66 40.97 0.17372 28.20 18114
215.13 0.33 0.33881 31.08 1209
178.99 50.87 0.21275 52.25 15792
122.07 45.64 0.22352 40.20 3412
249.14 25.56 0.24501 33.54 23402
168.34 49.99 0.18946 62.33 16802
128.64 32.38 0.23916 37.48 16717
197.15 28.42 0.17199 58.33 29401
206.91 0.49 0.24381 25.06 4022
122.88 16.92 0.29279 47.87 30164
153.47 10.30 0.24131 64.22 18480
200.12 12.32 0.17495 39.20 22061
226.52 16.74 0.24213 77.79 31267
219.14 14.67 0.21015 55.72 31924
170.30 25.51 0.27176 114.85 31390
136.45 7.08 0.17365 26.33 17462
171.46 27.52 0.22097 73.85 30458
230.30 34.55 0.27421 36.54 23261
163.00 32.23 0.16373 25.29 28632
203.04 48.24 0.28692 47.91 16849
213.74 28.18 0.33421 45.05 29159
180.92 29.14 0.18366 38.78 30432
140.14 4.93 0.21843 38.52 17310
204.84 0.15 0.27450 27.97 310
147.65 40.60 0.30900 55.36 18629
166.86 39.60 0.30148 40.68 27640
168.58 41.37 0.17432 60.76 27631
187.30 33.14 0.20460 75.42 29096
138.35 55.75 0.31804 77.96 2965
168.66 10.29 0.23567 42.39 17412
137.73 5.88 0.24111 56.13 18434
170.49 40.18 0.27949 50.93 27641
199.88 39.00 0.28306 51.47 27601
123.36 17.54 0.25494 34.96 30182
128.19 28.22 0.23428 47.15 19216
118.62 24.37 0.34820 24.06 18465
208.80 50.86 0.32910 45.59 22792
216.50 0.97 0.27998 24.86 5188
251.84 24.10 0.34078 34.07 23403
195.61 21.04 0.16883 44.93 31447
204.45 0.87 0.25050 26.57 5092
204.39 48.66 0.17102 30.19 16684
158.70 6.81 0.32631 24.91 16942
152.89 14.92 0.31101 65.84 32648
122.55 22.95 0.28996 59.86 18728
221.73 51.30 0.30237 51.75 19794
200.28 38.33 0.31625 60.23 27569
122.86 18.45 0.32581 59.01 30193
134.53 4.92 0.21592 28.94 18415
212.72 10.30 0.24793 43.22 21408
175.31 30.18 0.18226 44.51 29294
168.90 54.64 0.32036 49.61 14803
123.40 17.65 0.17137 30.79 30550
215.93 39.56 0.27434 27.51 23243
238.72 14.47 0.22326 25.23 31268
189.64 60.94 0.24307 48.87 17211
202.50 0.55 0.22984 25.70 403
183.52 47.01 0.32935 55.58 19835
191.09 23.49 0.22008 51.38 31138
198.73 23.18 0.24786 78.09 31398
236.69 14.08 0.32592 62.19 31817
231.08 15.68 0.20610 76.34 31671
197.34 30.23 0.26709 68.14 29474
179.09 12.33 0.27590 47.23 20804
205.20 12.21 0.24364 38.21 20805
228.55 10.85 0.19479 47.13 24068
243.68 42.24 0.30944 44.34 18115
198.96 10.30 0.31106 70.53 22060
238.03 33.96 0.34248 31.22 20149
245.64 35.44 0.32656 36.22 29278
192.48 13.08 0.29702 62.12 23861
170.30 38.88 0.21553 66.00 21570
184.52 16.48 0.17037 43.60 32076
222.08 13.88 0.17791 43.33 24139
123.27 22.42 0.33622 42.98 27621
192.92 23.05 0.29431 77.35 30865
199.58 0.70 0.27444 30.77 1202
206.00 10.27 0.26283 55.08 22343
165.97 51.90 0.32451 26.14 15054
126.03 27.52 0.17116 37.01 27442
125.02 17.26 0.27661 46.07 30605
235.14 7.84 0.31522 37.21 22326
232.76 7.74 0.30094 26.68 22017
143.80 40.87 0.33274 26.64 16389
188.69 61.85 0.22423 41.57 17579
152.29 6.84 0.35009 27.09 17047
176.79 18.06 0.30769 56.65 32149
169.47 19.50 0.23304 68.94 31318
205.07 43.05 0.32471 62.78 21361
117.27 42.55 0.26077 29.82 3640
185.48 39.45 0.32275 52.28 21572
220.37 20.98 0.27116 52.42 29920
147.15 7.75 0.30821 47.70 17044
202.07 35.02 0.30325 52.73 28131
196.47 50.73 0.29257 37.34 20871
163.77 58.50 0.33548 39.78 10997
130.98 7.98 0.32287 27.40 27503
162.99 54.58 0.19664 40.05 14810
148.79 23.20 0.32783 44.26 30840
178.10 20.35 0.19976 71.14 32146
194.82 34.12 0.28804 60.81 28676
140.14 32.22 0.29339 52.68 19220
124.14 27.59 0.25250 44.05 18778
159.04 34.31 0.30369 70.68 28121
184.28 27.95 0.16804 45.52 30862
146.68 6.38 0.22190 31.97 9296
218.16 15.38 0.24724 55.59 31803
161.22 33.63 0.33737 32.20 28915
193.60 8.18 0.35036 32.20 17429
161.10 32.08 0.27865 36.22 28672
167.65 21.16 0.16622 42.95 30990
228.55 23.70 0.22775 26.30 29036
200.66 21.58 0.30028 63.39 31362
145.67 17.19 0.23906 51.76 31114
230.94 10.95 0.17479 42.27 31895
182.36 20.22 0.28927 87.83 31220
148.87 26.79 0.32847 33.27 30627
204.69 31.57 0.27025 31.66 29099
180.29 46.69 0.17600 43.81 20464
148.27 40.65 0.26479 49.31 18366
183.88 39.92 0.29149 51.70 27664
205.87 10.02 0.33191 47.14 22297
246.82 38.74 0.33976 35.11 18051
200.82 13.83 0.28401 53.37 27542
173.38 21.16 0.28314 50.33 31571
182.26 33.81 0.32703 48.44 28754
223.29 52.26 0.20248 28.91 19753
158.58 22.28 0.17451 50.03 30961
188.59 15.66 0.30916 37.61 27550
166.38 36.13 0.28733 42.29 27604
162.88 27.63 0.30383 59.97 30431
247.12 25.06 0.26428 31.64 23466
171.18 14.87 0.26665 59.20 32053
226.20 22.53 0.24875 36.49 29499
184.15 11.44 0.23903 38.54 20744
181.04 45.66 0.30179 68.43 19447
117.27 42.74 0.33099 36.78 3714
211.57 9.45 0.29559 45.25 22347
240.61 13.72 0.30113 26.04 31324
213.93 53.12 0.22442 25.17 17798
167.72 23.22 0.30759 60.61 31361
221.77 15.79 0.28150 46.85 31494
230.81 16.58 0.32076 60.84 31136
175.31 32.93 0.19963 30.64 29299
148.66 36.90 0.26648 43.42 19222
176.83 18.31 0.17389 36.80 32150
181.02 22.99 0.32022 64.70 31219
143.87 14.84 0.31595 47.87 31120
148.05 40.47 0.28608 34.31 18367
159.17 46.59 0.20318 52.00 17596
218.59 38.40 0.26200 24.11 23244
219.79 37.33 0.33990 30.27 23246
166.28 55.83 0.30421 37.11 14819
160.43 29.51 0.32617 58.89 30561
152.62 23.50 0.32429 34.39 30841
196.29 59.96 0.23802 24.05 10855
131.31 57.54 0.33087 27.39 26007
232.51 13.59 0.29550 70.96 31225
211.27 1.28 0.25196 25.32 4664
190.97 14.79 0.16778 30.03 27568
167.99 58.65 0.34102 28.62 11075
221.27 51.21 0.26921 41.53 19659
242.82 43.24 0.18734 24.70 18084
124.05 47.19 0.23747 24.74 3300
169.09 19.77 0.32327 68.27 31413
124.66 26.57 0.21357 34.43 18752
168.35 32.95 0.28411 61.96 29307
187.06 23.65 0.19253 49.18 31141
165.98 43.01 0.20056 33.37 20334
176.98 11.82 0.19300 42.36 20762
179.86 27.86 0.24843 60.18 30459
242.59 44.93 0.22863 32.94 18152
150.59 11.43 0.29735 29.49 27444
191.30 63.96 0.32548 45.12 8945
233.25 17.76 0.25216 55.92 29873
205.78 22.59 0.31459 69.42 31404
150.34 36.21 0.29892 52.53 19634
175.70 10.71 0.23607 53.65 17565
174.89 32.96 0.28498 27.04 29308
206.18 25.99 0.21707 42.35 29562
220.22 26.09 0.31742 39.39 29466
164.43 49.76 0.16736 38.45 17595
184.31 36.75 0.33886 30.42 27720
179.28 34.82 0.23430 53.51 28130
175.67 12.61 0.29230 51.74 20803
188.27 29.41 0.31170 93.79 30866
195.16 35.23 0.33369 34.05 28141
177.18 27.48 0.16832 42.41 30692
205.64 43.55 0.22319 32.43 19532
154.94 38.54 0.18245 62.41 18789
144.18 5.80 0.23553 24.72 18476
232.44 9.30 0.31975 25.51 21486
150.29 8.51 0.28826 43.14 17544
154.89 28.17 0.31551 48.51 30495
180.60 54.61 0.28399 46.63 15091
146.51 15.29 0.19830 55.65 32935
187.21 19.63 0.25010 52.44 31408
203.99 37.81 0.26919 35.43 27581
155.31 12.11 0.20294 37.63 18948
191.98 23.97 0.31708 52.61 31397
204.98 1.21 0.34670 26.83 4727
203.51 28.78 0.28814 35.32 30864
123.98 17.12 0.31085 36.70 30165
154.38 28.37 0.17373 45.50 30715
148.13 14.72 0.31105 46.15 31568
133.48 56.56 0.22630 24.60 3650
236.34 13.87 0.24153 38.63 31321
204.48 10.48 0.20408 31.23 22029
177.56 49.63 0.27359 39.17 17603
177.17 33.78 0.30259 73.90 27606
173.19 50.68 0.32080 45.87 17602
159.68 24.09 0.31669 47.71 30975
240.18 14.27 0.26902 33.15 29566
196.23 17.27 0.30730 69.61 32073
197.30 19.40 0.27260 40.42 31417
203.82 29.39 0.30414 49.46 29464
158.93 41.97 0.32171 49.57 20634
241.87 41.79 0.24846 45.99 18001
138.68 29.75 0.27576 24.53 27390
219.93 23.85 0.29902 49.36 29418
231.16 22.99 0.33486 36.55 29039
172.13 39.60 0.25031 34.80 27642
172.52 45.56 0.29103 51.89 18604
165.17 14.07 0.23030 33.40 27484
123.88 21.77 0.26676 36.81 27404
130.28 54.53 0.30123 32.65 3649
202.12 15.65 0.32682 48.77 32144
247.61 37.73 0.32334 33.03 18027
218.78 24.48 0.26528 33.71 29644
172.96 16.24 0.16572 30.90 32048
187.56 41.50 0.29407 28.42 27648
200.71 26.63 0.26696 47.33 29571
152.93 10.89 0.28798 33.26 18706
224.98 24.95 0.34699 35.53 29215
178.41 18.31 0.24395 91.13 31615
167.55 28.27 0.30252 36.04 30628
190.01 9.76 0.23139 31.70 21159
214.91 25.47 0.31575 47.32 29405
150.50 26.92 0.31328 44.13 29293
199.88 30.41 0.29595 33.92 29143
180.85 35.66 0.28058 69.58 28172
188.26 35.90 0.31592 35.45 28173
247.68 38.77 0.25335 27.25 18184
230.67 21.41 0.33982 29.02 29500
195.47 31.01 0.31620 53.01 29515
166.67 45.18 0.27652 47.47 16608
196.69 0.23 0.39941 46.22 548
210.55 9.99 0.42141 49.35 12802
229.36 34.28 0.39910 46.27 12169
204.41 43.72 0.39199 91.50 13802
241.87 13.52 0.38173 45.70 18483
176.09 10.61 0.38378 107.72 10908
150.99 19.55 0.38906 86.06 17987
172.15 27.98 0.38342 88.99 17627
162.14 27.72 0.36375 96.65 17769
136.61 57.16 0.39273 61.58 2187
145.00 5.14 0.36765 51.24 5356
192.74 23.14 0.38145 114.58 18196
243.21 41.94 0.40950 71.86 10599
242.64 13.04 0.41742 40.23 18130
141.96 52.93 0.42674 42.23 6433
137.89 17.68 0.41695 48.86 17923
166.21 31.10 0.39544 69.52 16937
193.99 8.86 0.41935 53.57 12664
198.87 49.14 0.39205 66.90 9657
217.77 13.34 0.43090 41.17 14306
145.89 53.50 0.42192 44.37 6368
181.34 54.37 0.39512 52.03 9096
246.71 27.44 0.40670 60.40 13840
154.63 52.39 0.36561 56.92 8688
192.45 14.24 0.37285 112.64 12383
202.04 35.36 0.40195 66.56 16737
121.34 22.31 0.40477 59.30 16011
156.83 32.27 0.39025 70.05 16735
178.73 26.88 0.38209 62.52 17844
137.99 5.20 0.37905 84.66 10041
158.52 22.40 0.38675 55.44 17992
183.42 32.55 0.37612 73.11 16823
205.60 52.13 0.38672 60.95 10442
206.39 9.57 0.42015 45.08 13133
188.68 12.50 0.40106 51.51 12363
147.77 30.33 0.37128 52.29 16200
151.25 33.79 0.38545 41.74 15972
161.42 46.45 0.39393 84.89 9580
227.15 48.98 0.37769 46.79 11637
170.61 38.76 0.38689 96.02 16019
169.01 43.63 0.38888 62.98 12032
238.86 14.94 0.40697 44.39 17296
247.60 31.86 0.40440 47.28 10391
188.55 9.48 0.38506 52.13 10107
214.14 40.00 0.37251 42.03 12756
238.53 32.46 0.38397 59.72 13839
191.04 38.85 0.37791 64.29 15953
196.73 18.10 0.38597 54.11 18673
191.48 30.23 0.37895 75.40 17100
